((("polar" .
   [3 0 0 0 0])
  ("cart" .
   [3 0 0 0])
  ("chan" .
   [1 0 0 0])
  ("run*" .
   [1 0 0 0])
  ("var*" .
   [2 0 0 0])
  ("value" .
   [1 0 0 0 0])
  ("xvar" .
   [2 0 0 0])
  ("choices" .
   [1 0 0 0 0 0 0])
  ("obj" .
   [1 0 0])
  ("Number" .
   [4 0 0 0 0 0])
  ("tail" .
   [1 0 0 0])
  ("get-algorithm" .
   [1 0 0 0 0 0 0 0 0 0 0 0 0])
  ("SecretKey" .
   [4 0 0 0 0 0 0 0 0])
  ("flycheck-mode" .
   [1 0 0 0 0 0 0 0 0 0 0 0 0])
  ("flycheck" .
   [0 0 0 0 0 0 1 0])
  ("xnull" .
   [3 0 0 0 0])
  ("xpair" .
   [1 0 0 0 0])
  ("xlist" .
   [1 0 0 0 0])
  ("var" .
   [2 0 0])
  ("xand" .
   [2 0 0 0])
  ("xappend" .
   [1 0 0 0 0 0 0])
  ("xnot" .
   [6 0 0 0])
  ("true" .
   [6 0 0 0])
  ("fib" .
   [1 0 0])
  ("forms" .
   [6 0 0 0 0])
  ("form" .
   [6 0 0 0])
  ("cond-not" .
   [1 0 0 0 0 0 0 0])
  ("clauses" .
   [4 0 0 0 0 0 0])
  ("line" .
   [10 0 0 0])
  ("absolute-path" .
   [2 0 0 0 0 0 0 0 0 0 0 0 0])
  ("file" .
   [2 0 0 0])
  ("xflatten" .
   [1 0 0 0 0 0 0 0])
  ("nil" .
   [10 0 0])
  ("head" .
   [5 0 0 0])
  ("xodd" .
   [2 0 0 0])
  ("False" .
   [0 0 0 0 1])
  ("xeven" .
   [1 0 0 0 0])
  ("True" .
   [0 0 0 1])
  ("xSecondLast" .
   [1 0 0 0 0 0 0 0 0 0 0])
  ("xs" .
   [8 0])
  ("myLast" .
   [1 0 0 0 0 0])
  ("the" .
   [3 0 0])
  ("xdrop" .
   [1 0 0 0 0])
  ("scd" .
   [1 0 0])
  ("xtuple" .
   [4 0 0 0 0 0])
  ("std" .
   [1 0 0])
  ("load" .
   [2 0 0 0])
  ("def" .
   [31 0 0])
  ("distance" .
   [2 0 0 0 0 0 0 0])
  ("points" .
   [7 0 0 0 0 0])
  ("if" .
   [8 0])
  ("point" .
   [4 0 0 0 0])
  ("path" .
   [4 0 0 0])
  ("recur" .
   [9 0 0 0 0])
  ("do" .
   [1 0])
  ("get-nearest-neighbor" .
   [0 0 0 0 0 0 0 0 0 0 0 0 1 0 0 0 0 0 0 0])
  ("erc" .
   [1 0 0])
  ("color-theme-matrix" .
   [1 0 0 0 0 0 0 0 0 0 0 0 0 0 0 0 0 0])
  ("add-hook" .
   [1 0 0 0 0 0 0 0])
  ("erc-mode" .
   [1 0 0 0 0 0 0 0])
  ("ERC" .
   [1 0 0])
  ("my-erc" .
   [0 0 1 0 0 0])
  ("host" .
   [1 0 0 0])
  ("port" .
   [1 0 0 0])
  (":host" .
   [2 0 0 0 0])
  ("server" .
   [6 0 0 0 0 0])
  ("running" .
   [3 0 0 0 0 0 0])
  ("Socket" .
   [1 0 0 0 0 1])
  (":port" .
   [1 0 0 0 0])
  ("socket" .
   [2 0 0 0 0 0])
  ("InputStreamReader" .
   [1 0 0 0 0 0 0 0 0 0 0 0 0 0 0 0 0])
  ("out" .
   [2 0 0])
  ("connection" .
   [10 0 0 0 0 1 0 0 0 0])
  ("keep-alive" .
   [2 0 0 0 0 0 0 0 0 0])
  ("declare" .
   [0 0 0 0 1 0 0])
  (":in" .
   [1 0 0])
  ("message" .
   [4 0 0 0 0 0 0])
  (":out" .
   [2 0 0 0])
  ("write" .
   [6 0 0 0 0])
  ("msg" .
   [2 0 0])
  ("user" .
   [10 0 0 0])
  (":nick" .
   [3 0 0 0 0])
  (":username" .
   [3 0 0 0 0 0 0 0 0])
  ("java.io" .
   [1 0 0 0 0 0 0])
  ("connect" .
   [1 0 0 0 0 0 0])
  ("freenode" .
   [2 0 0 0 0 0 0 0])
  ("Thread." .
   [2 0 0 0 0 0 0])
  ("irc" .
   [2 0 0])
  (":password" .
   [1 0 0 0 0 0 0 0 0])
  ("identify" .
   [2 0 0 0 0 0 0 0])
  ("start-up" .
   [1 0 0 0 0 0 0 0])
  ("serv-name" .
   [3 0 0 0 0 0 0 0 0])
  ("in" .
   [1 0])
  ("eman" .
   [1 0 0 0])
  ("sgra" .
   [1 0 0 0])
  ("smorf" .
   [1 0 0 0 0])
  ("sgnidnib" .
   [3 0 0 0 0 0 0 0])
  ("start" .
   [4 0 0 0 0])
  ("*small*" .
   [1 0 0 0 0 0 2])
  ("*big*" .
   [1 0 0 0 0])
  ("Dynamic" .
   [1 0 0 0 0 0 0])
  ("guess-my-number" .
   [0 0 0 0 3 3 1 0 0 0 0 0 0 0 0])
  ("defin" .
   [1 0 0 0 0])
  ("reset!" .
   [0 0 0 0 0 1])
  ("big*" .
   [1 0 0 0])
  (".getOutputStream" .
   [0 0 0 0 0 1 0 0 0 0 0 0 0 0 0 0])
  ("irc-dilbertbot" .
   [0 0 0 1 0 0 0 0 0 0 0 0 0 0])
  ("tag" .
   [4 0 0])
  ("content" .
   [6 0 0 0 1 0 0])
  ("str" .
   [3 0 0])
  ("gen-form" .
   [1 0 0 0 0 0 0 0])
  ("defmacro" .
   [4 0 0 0 0 0 0 0])
  ("gen-block" .
   [2 0 0 0 0 0 0 0 0])
  ("defn" .
   [59 0 0 0])
  ("let" .
   [1 0 0])
  ("tokenize" .
   [1 0 0 0 0 0 0 0])
  ("replace" .
   [1 0 0 0 0 0 0])
  ("org.clojure/tools.nrepl" .
   [0 0 0 0 1 0 0 0 0 0 0 0 0 0 0 0 0 0 0 0 0 0 0])
  ("deftrace" .
   [1 0 0 0 0 0 0 0])
  ("sqrt-iter" .
   [1 0 0 0 0 0 0 0 0])
  ("1.0" .
   [1 0 0])
  ("sqrt" .
   [1 0 0 0])
  (":dynamic" .
   [3 0 0 0 0 0 0 0])
  ("pow" .
   [3 0 0])
  ("first" .
   [19 0 0 0 0])
  ("numer" .
   [16 0 0 0 0])
  ("denom" .
   [15 0 0 0 0])
  ("rat" .
   [6 0 0])
  ("rat2" .
   [2 0 0 0])
  ("seg" .
   [10 0 0])
  ("rest" .
   [10 0 0 0])
  ("conj" .
   [3 0 0 0])
  ("end" .
   [3 0 0])
  ("vector" .
   [3 0 0 0 0 0])
  ("make-point" .
   [1 0 0 0 0 0 0 0 0 0])
  ("start-segment" .
   [0 0 0 0 0 2 1 0 0 0 0 0 0])
  ("x-point" .
   [3 0 0 0 0 0 0])
  ("end-segment" .
   [1 0 0 0 0 1 0 1 0 0 0])
  ("y-point" .
   [3 0 0 0 0 0 0])
  ("print" .
   [2 0 0 0 0])
  ("print-point" .
   [0 0 0 0 0 0 1 1 0 0 0])
  ("pair" .
   [14 0 0 0])
  ("rem" .
   [1 0 0])
  ("rem?" .
   [1 0 0 0])
  ("count-divs" .
   [2 0 0 0 0 0 0 0 0 0])
  ("count" .
   [1 0 0 0 0])
  ("expr" .
   [9 0 0 0])
  ("left" .
   [4 0 0 0])
  ("right" .
   [2 0 0 0 0])
  ("list" .
   [4 0 0 0])
  ("length" .
   [1 0 0 0 0 0])
  ("structure" .
   [1 0 0 0 0 0 0 0 0])
  ("car" .
   [1 0 0])
  ("mobile" .
   [4 0 0 0 0 0])
  ("branch" .
   [10 0 0 0 0 0])
  ("total-wheight" .
   [1 0 0 0 0 0 1 0 0 0 0 0 0])
  ("branch-struct" .
   [1 0 0 0 0 0 0 0 0 0 0 0 0])
  ("branch-strut" .
   [1 0 0 0 0 0 0 0 0 0 0 0])
  ("left-branch" .
   [0 0 0 0 0 0 0 0 0 1 0])
  ("bran" .
   [1 0 0 0])
  ("right-branch" .
   [0 0 0 0 0 0 0 1 0 0 0 0])
  ("branch-wheight" .
   [2 0 0 0 0 0 0 0 0 0 0 0 0 0])
  ("loop" .
   [1 0 0 0])
  ("tree" .
   [8 0 0 0])
  ("square" .
   [2 0 0 0 0 0])
  ("map" .
   [1 0 0])
  ("fn" .
   [1 0])
  ("stree" .
   [3 0 0 0 0])
  ("to-prefix" .
   [1 0 0 0 0 0 0 0 0])
  ("op?" .
   [2 0 0])
  ("para?" .
   [1 0 0 0 0])
  ("n" .
   [1])
  ("symbol?" .
   [1 0 0 0 0 0 0])
  ("false" .
   [1 0 0 0 0])
  ("number?" .
   [1 0 0 0 0 0 0])
  ("f" .
   [2])
  ("p" .
   [2])
  ("g" .
   [2])
  ("get-op" .
   [2 0 0 0 0 0])
  ("lambda" .
   [1 0 0 0 0 0])))
